Extract/extract_tomo/201810XX_MPI/SV4_003_dff/SV4_003_dff000013.mrc:  -1711.5172014760612
Extract/extract_tomo/201810XX_MPI/SV4_003_dff/SV4_003_dff000026.mrc:  -1934.6236750098763
Extract/extract_tomo/201810XX_MPI/SV4_003_dff/SV4_003_dff000001.mrc:  -1680.2294112516927
Extract/extract_tomo/201810XX_MPI/SV4_003_dff/SV4_003_dff000002.mrc:  181.81611761062513
Extract/extract_tomo/201810XX_MPI/SV4_003_dff/SV4_003_dff000003.mrc:  4669.829542172583
Extract/extract_tomo/201810XX_MPI/SV4_003_dff/SV4_003_dff000005.mrc:  6063.520530456811
Extract/extract_tomo/201810XX_MPI/SV4_003_dff/SV4_003_dff000006.mrc:  -7149.5505882004345
Extract/extract_tomo/201810XX_MPI/SV4_003_dff/SV4_003_dff000007.mrc:  2808.8905871498564
Extract/extract_tomo/201810XX_MPI/SV4_003_dff/SV4_003_dff000010.mrc:  -7203.790948353328
